1.590000000000000000e+02
1.590000000000000000e+02
1.590000000000000000e+02
1.590000000000000000e+02
1.590000000000000000e+02
1.650000000000000000e+02
1.650000000000000000e+02
1.650000000000000000e+02
1.710000000000000000e+02
1.710000000000000000e+02
1.870000000000000000e+02
1.920000000000000000e+02
3.460000000000000000e+02
3.410000000000000000e+02
3.350000000000000000e+02
3.080000000000000000e+02
3.160000000000000000e+02
3.120000000000000000e+02
2.800000000000000000e+02
2.750000000000000000e+02
2.680000000000000000e+02
2.630000000000000000e+02
2.520000000000000000e+02
2.510000000000000000e+02
2.510000000000000000e+02
2.440000000000000000e+02
2.430000000000000000e+02
2.370000000000000000e+02
2.370000000000000000e+02
2.370000000000000000e+02
2.360000000000000000e+02
2.360000000000000000e+02
2.350000000000000000e+02
2.350000000000000000e+02
2.350000000000000000e+02
2.350000000000000000e+02
2.350000000000000000e+02
2.400000000000000000e+02
2.410000000000000000e+02
2.410000000000000000e+02
2.410000000000000000e+02
2.470000000000000000e+02
2.470000000000000000e+02
2.520000000000000000e+02
2.530000000000000000e+02
2.740000000000000000e+02
2.740000000000000000e+02
2.920000000000000000e+02
2.920000000000000000e+02
2.970000000000000000e+02
1.710000000000000000e+02
1.660000000000000000e+02
1.440000000000000000e+02
1.430000000000000000e+02
1.320000000000000000e+02
1.250000000000000000e+02
1.250000000000000000e+02
1.180000000000000000e+02
1.170000000000000000e+02
1.160000000000000000e+02
1.160000000000000000e+02
1.160000000000000000e+02
1.650000000000000000e+02
1.580000000000000000e+02
