2.120000000000000000e+02
1.890000000000000000e+02
1.900000000000000000e+02
1.760000000000000000e+02
1.760000000000000000e+02
1.700000000000000000e+02
1.680000000000000000e+02
1.610000000000000000e+02
1.610000000000000000e+02
1.540000000000000000e+02
1.540000000000000000e+02
1.530000000000000000e+02
1.520000000000000000e+02
1.520000000000000000e+02
1.520000000000000000e+02
1.520000000000000000e+02
1.520000000000000000e+02
1.520000000000000000e+02
1.520000000000000000e+02
1.520000000000000000e+02
1.510000000000000000e+02
1.570000000000000000e+02
1.580000000000000000e+02
1.580000000000000000e+02
1.630000000000000000e+02
1.700000000000000000e+02
1.750000000000000000e+02
1.800000000000000000e+02
1.900000000000000000e+02
2.910000000000000000e+02
2.980000000000000000e+02
2.980000000000000000e+02
2.980000000000000000e+02
2.790000000000000000e+02
2.920000000000000000e+02
2.820000000000000000e+02
2.820000000000000000e+02
2.910000000000000000e+02
2.250000000000000000e+02
2.140000000000000000e+02
2.080000000000000000e+02
2.070000000000000000e+02
2.010000000000000000e+02
2.000000000000000000e+02
1.990000000000000000e+02
1.940000000000000000e+02
1.920000000000000000e+02
1.920000000000000000e+02
1.910000000000000000e+02
1.910000000000000000e+02
1.900000000000000000e+02
1.900000000000000000e+02
1.890000000000000000e+02
1.890000000000000000e+02
1.890000000000000000e+02
1.890000000000000000e+02
1.900000000000000000e+02
1.960000000000000000e+02
1.960000000000000000e+02
1.960000000000000000e+02
2.020000000000000000e+02
2.070000000000000000e+02
2.370000000000000000e+02
2.460000000000000000e+02
