1.140000000000000000e+02
1.380000000000000000e+02
2.910000000000000000e+02
1.560000000000000000e+02
1.570000000000000000e+02
1.570000000000000000e+02
1.570000000000000000e+02
1.630000000000000000e+02
1.800000000000000000e+02
1.850000000000000000e+02
1.850000000000000000e+02
3.460000000000000000e+02
3.440000000000000000e+02
3.130000000000000000e+02
3.120000000000000000e+02
3.160000000000000000e+02
2.940000000000000000e+02
2.700000000000000000e+02
2.700000000000000000e+02
2.640000000000000000e+02
2.580000000000000000e+02
2.520000000000000000e+02
2.460000000000000000e+02
2.450000000000000000e+02
2.440000000000000000e+02
2.430000000000000000e+02
2.370000000000000000e+02
2.360000000000000000e+02
2.350000000000000000e+02
2.350000000000000000e+02
2.350000000000000000e+02
2.350000000000000000e+02
2.350000000000000000e+02
2.350000000000000000e+02
2.350000000000000000e+02
2.350000000000000000e+02
2.400000000000000000e+02
2.410000000000000000e+02
2.410000000000000000e+02
2.410000000000000000e+02
2.520000000000000000e+02
2.570000000000000000e+02
2.660000000000000000e+02
2.820000000000000000e+02
2.740000000000000000e+02
2.960000000000000000e+02
2.920000000000000000e+02
2.880000000000000000e+02
2.930000000000000000e+02
3.020000000000000000e+02
1.590000000000000000e+02
1.440000000000000000e+02
1.430000000000000000e+02
1.320000000000000000e+02
1.260000000000000000e+02
1.250000000000000000e+02
1.180000000000000000e+02
1.180000000000000000e+02
1.160000000000000000e+02
1.160000000000000000e+02
1.160000000000000000e+02
1.160000000000000000e+02
1.150000000000000000e+02
1.140000000000000000e+02
