1.762000000000000000e+03
1.762000000000000000e+03
1.763000000000000000e+03
1.767000000000000000e+03
1.771000000000000000e+03
1.767000000000000000e+03
2.148000000000000000e+03
2.158000000000000000e+03
2.176000000000000000e+03
2.193000000000000000e+03
4.392000000000000000e+03
4.393000000000000000e+03
4.393000000000000000e+03
4.393000000000000000e+03
4.392000000000000000e+03
4.391000000000000000e+03
4.393000000000000000e+03
4.392000000000000000e+03
3.400000000000000000e+02
3.390000000000000000e+02
3.340000000000000000e+02
3.280000000000000000e+02
3.180000000000000000e+02
3.180000000000000000e+02
3.160000000000000000e+02
3.210000000000000000e+02
3.160000000000000000e+02
3.150000000000000000e+02
3.150000000000000000e+02
3.240000000000000000e+02
3.150000000000000000e+02
3.150000000000000000e+02
3.150000000000000000e+02
6.050000000000000000e+02
3.260000000000000000e+02
3.210000000000000000e+02
5.750000000000000000e+02
3.370000000000000000e+02
1.750000000000000000e+02
1.590000000000000000e+02
1.590000000000000000e+02
1.480000000000000000e+02
1.470000000000000000e+02
1.410000000000000000e+02
1.400000000000000000e+02
1.350000000000000000e+02
1.340000000000000000e+02
1.340000000000000000e+02
1.330000000000000000e+02
1.380000000000000000e+02
1.380000000000000000e+02
1.380000000000000000e+02
1.430000000000000000e+02
1.430000000000000000e+02
1.530000000000000000e+02
1.590000000000000000e+02
1.840000000000000000e+02
1.890000000000000000e+02
1.890000000000000000e+02
1.470000000000000000e+02
5.720000000000000000e+02
3.110000000000000000e+02
1.630000000000000000e+02
1.763000000000000000e+03
